%Matris

A(1,:)=[1 1 1 1 1 1 1 1 120 120 120 120]; %timmar
A(2,:)=[1 1 1 1 120 120 120 120 120 120 120 120]; %timmar
A(3,:)=[10 10 500 500 10 10 500 500 10 10 500 500]; %per dag
A(4,:)=[1 10 1 10 1 10 1 10 1 10 1 10]; %per dag
A(5,:)=[0.1 0.1 0.1 0.1 0.001 0.001 0.001 0.001 0.001 0.001 0.0001 0.0001]; %1.333 timmar :(
A(6,:)=[3391 648 3499 744 162 12 160 16 53 7 53 7]; %maxV/equalV
A(7,:)=[5.3 0.4 0.5 0.4 39 13 35 14 35 17 36 17]; %dagar från maxV till equalV/2

A=A';